800 1500 0
1 7 1
1 10 1
1 12 1
1 13 1
1 14 1
1 15 1
1 20 1
1 21 1
1 23 1
1 24 1
1 27 1
1 31 1
1 34 1
1 38 1
1 40 1
1 77 1
1 89 1
1 97 1
1 109 1
1 112 1
1 122 1
1 145 1
1 154 1
1 155 1
1 156 1
1 159 1
1 171 1
1 178 1
1 197 1
1 200 1
1 202 1
1 234 1
1 235 1
1 256 1
1 279 1
1 288 1
1 304 1
1 308 1
1 324 1
1 331 1
1 349 1
1 353 1
1 363 1
1 377 1
1 382 1
1 392 1
1 400 1
1 401 1
1 410 1
1 424 1
1 444 1
1 471 1
1 476 1
1 533 1
1 538 1
1 579 1
1 580 1
1 605 1
1 647 1
1 670 1
1 685 1
1 731 1
1 766 1
1 2 1
1 3 1
1 4 1
1 5 1
1 6 1
1 8 1
1 9 1
1 11 1
1 35 1
1 93 1
1 101 1
1 127 1
1 168 1
1 190 1
1 207 1
1 217 1
1 227 1
1 236 1
1 250 1
1 259 1
1 368 1
1 385 1
1 402 1
1 468 1
1 559 1
1 711 1
1 728 1
1 739 1
1 754 1
2 8 1
2 23 1
2 51 1
2 161 1
2 377 1
2 444 1
2 483 1
2 638 1
2 710 1
2 3 1
2 4 1
2 9 1
2 11 1
2 32 1
2 61 1
2 92 1
2 187 1
2 247 1
2 310 1
2 563 1
2 711 1
2 763 1
2 766 1
3 11 1
3 29 1
3 55 1
3 64 1
3 68 1
3 76 1
3 91 1
3 139 1
3 147 1
3 170 1
3 186 1
3 221 1
3 301 1
3 393 1
3 425 1
3 435 1
3 518 1
3 521 1
3 635 1
3 680 1
3 4 1
3 5 1
3 7 1
3 8 1
3 10 1
3 13 1
3 14 1
3 15 1
3 17 1
3 18 1
3 19 1
3 20 1
3 26 1
3 27 1
3 30 1
3 32 1
3 40 1
3 45 1
3 54 1
3 62 1
3 69 1
3 100 1
3 101 1
3 126 1
3 174 1
3 183 1
3 184 1
3 185 1
3 189 1
3 202 1
3 217 1
3 234 1
3 247 1
3 248 1
3 271 1
3 304 1
3 308 1
3 313 1
3 314 1
3 328 1
3 333 1
3 355 1
3 361 1
3 373 1
3 375 1
3 398 1
3 400 1
3 407 1
3 419 1
3 427 1
3 445 1
3 447 1
3 451 1
3 464 1
3 470 1
3 482 1
3 486 1
3 494 1
3 526 1
3 545 1
3 559 1
3 567 1
3 601 1
3 609 1
3 631 1
3 643 1
3 645 1
3 670 1
3 717 1
3 722 1
3 733 1
3 737 1
3 742 1
3 768 1
4 8 1
4 11 1
4 17 1
4 18 1
4 21 1
4 23 1
4 26 1
4 27 1
4 30 1
4 44 1
4 45 1
4 47 1
4 51 1
4 57 1
4 62 1
4 69 1
4 72 1
4 79 1
4 81 1
4 115 1
4 118 1
4 122 1
4 135 1
4 154 1
4 168 1
4 182 1
4 188 1
4 199 1
4 231 1
4 233 1
4 246 1
4 280 1
4 308 1
4 319 1
4 349 1
4 389 1
4 393 1
4 411 1
4 427 1
4 432 1
4 483 1
4 492 1
4 493 1
4 505 1
4 510 1
4 518 1
4 529 1
4 574 1
4 578 1
4 610 1
4 661 1
4 663 1
4 720 1
4 734 1
4 775 1
4 780 1
4 791 1
4 5 1
4 6 1
4 7 1
4 9 1
4 22 1
4 24 1
4 29 1
4 32 1
4 35 1
4 36 1
4 48 1
4 49 1
4 52 1
4 56 1
4 70 1
4 85 1
4 93 1
4 109 1
4 119 1
4 134 1
4 143 1
4 155 1
4 163 1
4 170 1
4 174 1
4 177 1
4 186 1
4 187 1
4 193 1
4 200 1
4 214 1
4 218 1
4 235 1
4 259 1
4 278 1
4 310 1
4 340 1
4 350 1
4 354 1
4 365 1
4 379 1
4 385 1
4 401 1
4 406 1
4 418 1
4 439 1
4 442 1
4 456 1
4 460 1
4 466 1
4 490 1
4 491 1
4 509 1
4 536 1
4 537 1
4 543 1
4 556 1
4 588 1
4 612 1
4 680 1
4 685 1
4 686 1
4 697 1
4 709 1
4 717 1
4 722 1
4 745 1
4 751 1
4 753 1
4 763 1
4 773 1
4 788 1
5 14 1
5 19 1
5 37 1
5 42 1
5 46 1
5 55 1
5 57 1
5 58 1
5 59 1
5 60 1
5 68 1
5 86 1
5 88 1
5 91 1
5 105 1
5 111 1
5 121 1
5 130 1
5 132 1
5 136 1
5 139 1
5 155 1
5 166 1
5 229 1
5 267 1
5 275 1
5 279 1
5 294 1
5 313 1
5 360 1
5 361 1
5 367 1
5 429 1
5 518 1
5 537 1
5 560 1
5 574 1
5 797 1
5 584 1
5 587 1
5 591 1
5 634 1
5 637 1
5 667 1
5 680 1
5 716 1
5 750 1
5 6 1
5 7 1
5 8 1
5 10 1
5 12 1
5 13 1
5 16 1
5 21 1
5 23 1
5 24 1
5 25 1
5 26 1
5 29 1
5 38 1
5 47 1
5 50 1
5 66 1
5 76 1
5 95 1
5 107 1
5 109 1
5 119 1
5 146 1
5 151 1
5 167 1
5 204 1
5 209 1
5 239 1
5 258 1
5 262 1
5 264 1
5 286 1
5 289 1
5 301 1
5 344 1
5 394 1
5 397 1
5 413 1
5 434 1
5 485 1
5 492 1
5 495 1
5 496 1
5 607 1
5 610 1
5 612 1
5 622 1
5 701 1
5 754 1
5 792 1
6 9 1
6 10 1
6 13 1
6 14 1
6 18 1
6 20 1
6 25 1
6 28 1
6 30 1
6 33 1
6 45 1
6 48 1
6 49 1
6 57 1
6 60 1
6 63 1
6 65 1
6 78 1
6 87 1
6 89 1
6 103 1
6 125 1
6 129 1
6 152 1
6 164 1
6 168 1
6 172 1
6 206 1
6 237 1
6 265 1
6 307 1
6 449 1
6 462 1
6 464 1
6 489 1
6 509 1
6 510 1
6 517 1
6 550 1
6 564 1
6 616 1
6 733 1
6 747 1
6 757 1
6 761 1
6 771 1
6 29 1
6 35 1
6 47 1
6 56 1
6 77 1
6 186 1
6 250 1
6 253 1
6 299 1
6 321 1
6 443 1
6 460 1
6 555 1
6 652 1
6 688 1
7 16 1
7 37 1
7 46 1
7 85 1
7 88 1
7 128 1
7 177 1
7 186 1
7 207 1
7 426 1
7 453 1
7 537 1
7 575 1
7 599 1
7 605 1
7 645 1
7 708 1
7 722 1
7 731 1
7 10 1
7 12 1
7 14 1
7 15 1
7 17 1
7 19 1
7 22 1
7 24 1
7 800 1
7 30 1
7 33 1
7 34 1
7 36 1
7 38 1
7 39 1
7 43 1
7 44 1
7 48 1
7 49 1
7 51 1
7 52 1
7 53 1
7 57 1
7 66 1
7 70 1
7 71 1
7 72 1
7 73 1
7 75 1
7 78 1
7 79 1
7 80 1
7 83 1
7 84 1
7 99 1
7 102 1
7 106 1
7 114 1
7 115 1
7 117 1
7 118 1
7 124 1
7 129 1
7 154 1
7 157 1
7 159 1
7 181 1
7 184 1
7 192 1
7 194 1
7 202 1
7 211 1
7 224 1
7 233 1
7 251 1
7 267 1
7 276 1
7 309 1
7 315 1
7 318 1
7 322 1
7 326 1
7 332 1
7 337 1
7 357 1
7 394 1
7 420 1
7 423 1
7 431 1
7 438 1
7 440 1
7 463 1
7 482 1
7 484 1
7 528 1
7 542 1
7 557 1
7 565 1
7 572 1
7 573 1
7 574 1
7 581 1
7 606 1
7 620 1
7 679 1
7 693 1
7 752 1
7 756 1
8 11 1
8 26 1
8 44 1
8 51 1
8 62 1
8 70 1
8 75 1
8 99 1
8 115 1
8 138 1
8 161 1
8 175 1
8 187 1
8 205 1
8 210 1
8 223 1
8 227 1
8 243 1
8 259 1
8 260 1
8 263 1
8 311 1
8 344 1
8 796 1
8 359 1
8 368 1
8 396 1
8 417 1
8 418 1
8 421 1
8 445 1
8 447 1
8 490 1
8 516 1
8 539 1
8 573 1
8 578 1
8 631 1
8 658 1
8 692 1
8 101 1
8 127 1
8 375 1
8 496 1
8 670 1
8 754 1
9 10 1
9 15 1
9 18 1
9 21 1
9 22 1
9 33 1
9 36 1
9 40 1
9 63 1
9 72 1
9 77 1
9 80 1
9 97 1
9 98 1
9 114 1
9 135 1
9 173 1
9 178 1
9 189 1
9 195 1
9 208 1
9 214 1
9 219 1
9 230 1
9 252 1
9 254 1
9 800 1
9 302 1
9 324 1
9 330 1
9 343 1
9 347 1
9 412 1
9 419 1
9 431 1
9 497 1
9 511 1
9 514 1
9 519 1
9 530 1
9 547 1
9 562 1
9 593 1
9 622 1
9 682 1
9 707 1
9 729 1
9 733 1
9 753 1
9 759 1
9 769 1
9 789 1
9 11 1
9 61 1
9 92 1
9 190 1
9 310 1
9 350 1
9 385 1
9 490 1
9 543 1
9 556 1
9 590 1
9 659 1
9 672 1
9 674 1
9 760 1
9 771 1
9 773 1
10 15 1
10 35 1
10 63 1
10 189 1
10 392 1
10 394 1
10 406 1
10 442 1
10 454 1
10 455 1
10 464 1
10 618 1
10 715 1
10 755 1
10 12 1
10 13 1
10 14 1
10 21 1
10 27 1
10 33 1
10 99 1
10 123 1
10 144 1
10 153 1
10 157 1
10 165 1
10 208 1
10 233 1
10 240 1
10 300 1
10 317 1
10 344 1
10 413 1
10 798 1
10 601 1
10 606 1
10 617 1
10 787 1
11 17 1
11 26 1
11 29 1
11 76 1
11 81 1
11 101 1
11 106 1
11 113 1
11 138 1
11 169 1
11 223 1
11 243 1
11 260 1
11 306 1
11 366 1
11 369 1
11 409 1
11 417 1
11 425 1
11 441 1
11 656 1
11 683 1
11 698 1
11 776 1
11 61 1
11 190 1
11 672 1
11 674 1
11 711 1
12 16 1
12 34 1
12 85 1
12 109 1
12 128 1
12 130 1
12 146 1
12 197 1
12 200 1
12 207 1
12 209 1
12 251 1
12 294 1
12 320 1
12 361 1
12 363 1
12 384 1
12 422 1
12 424 1
12 450 1
12 453 1
12 456 1
12 463 1
12 486 1
12 580 1
12 599 1
12 609 1
12 645 1
12 703 1
12 718 1
12 21 1
12 23 1
12 25 1
12 31 1
12 33 1
12 37 1
12 38 1
12 42 1
12 43 1
12 46 1
12 57 1
12 129 1
12 139 1
12 142 1
12 144 1
12 151 1
12 205 1
12 416 1
12 798 1
12 530 1
12 534 1
12 560 1
12 622 1
12 729 1
13 89 1
13 145 1
13 156 1
13 671 1
13 16 1
13 18 1
13 45 1
13 59 1
13 100 1
13 239 1
13 241 1
13 306 1
13 344 1
13 366 1
13 384 1
13 419 1
13 427 1
13 445 1
13 457 1
13 489 1
13 511 1
13 531 1
13 571 1
13 599 1
13 601 1
13 627 1
13 727 1
14 20 1
14 24 1
14 25 1
14 31 1
14 32 1
14 38 1
14 41 1
14 43 1
14 53 1
14 54 1
14 56 1
14 60 1
14 66 1
14 71 1
14 86 1
14 87 1
14 94 1
14 102 1
14 112 1
14 119 1
14 126 1
14 129 1
14 131 1
14 132 1
14 143 1
14 144 1
14 150 1
14 194 1
14 202 1
14 211 1
14 222 1
14 257 1
14 264 1
14 267 1
14 268 1
14 281 1
14 287 1
14 323 1
14 329 1
14 331 1
14 356 1
14 358 1
14 376 1
14 385 1
14 405 1
14 420 1
14 430 1
14 437 1
14 467 1
14 476 1
14 477 1
14 501 1
14 534 1
14 568 1
14 601 1
14 608 1
14 649 1
14 664 1
14 669 1
14 709 1
14 736 1
14 764 1
14 779 1
14 15 1
14 27 1
14 39 1
14 99 1
14 117 1
14 123 1
14 153 1
14 183 1
14 528 1
14 565 1
14 645 1
15 35 1
15 40 1
15 394 1
15 412 1
15 454 1
15 455 1
15 484 1
15 513 1
15 522 1
15 17 1
15 39 1
15 53 1
15 71 1
15 75 1
15 90 1
15 104 1
15 183 1
15 248 1
15 276 1
15 282 1
15 283 1
15 308 1
15 315 1
15 363 1
15 451 1
15 581 1
16 85 1
16 275 1
16 422 1
16 537 1
16 619 1
16 741 1
16 758 1
16 18 1
16 20 1
16 26 1
16 28 1
16 41 1
16 59 1
16 60 1
16 67 1
16 68 1
16 74 1
16 81 1
16 89 1
16 91 1
16 105 1
16 111 1
16 116 1
16 120 1
16 141 1
16 146 1
16 160 1
16 175 1
16 180 1
16 204 1
16 231 1
16 239 1
16 241 1
16 255 1
16 263 1
16 301 1
16 303 1
16 306 1
16 314 1
16 325 1
16 343 1
16 356 1
16 370 1
16 373 1
16 376 1
16 392 1
16 393 1
16 409 1
16 429 1
16 450 1
16 467 1
16 477 1
16 488 1
16 511 1
16 519 1
16 532 1
16 533 1
16 548 1
16 553 1
16 582 1
16 586 1
16 611 1
16 643 1
16 648 1
16 663 1
16 696 1
16 704 1
16 793 1
16 779 1
17 29 1
17 64 1
17 393 1
17 53 1
17 202 1
17 224 1
17 308 1
17 355 1
17 363 1
18 30 1
18 33 1
18 49 1
18 69 1
18 83 1
18 98 1
18 239 1
18 265 1
18 271 1
18 395 1
18 475 1
18 493 1
18 497 1
18 511 1
18 526 1
18 694 1
18 762 1
18 765 1
18 20 1
18 40 1
18 41 1
18 45 1
18 59 1
18 60 1
18 63 1
18 130 1
18 158 1
18 176 1
18 185 1
18 254 1
18 269 1
18 302 1
18 346 1
18 384 1
18 404 1
18 409 1
18 424 1
18 441 1
18 447 1
18 553 1
18 566 1
18 605 1
18 644 1
18 664 1
18 708 1
18 719 1
18 723 1
18 746 1
19 37 1
19 42 1
19 55 1
19 58 1
19 61 1
19 177 1
19 186 1
19 373 1
19 426 1
19 438 1
19 22 1
19 30 1
19 34 1
19 62 1
19 78 1
19 82 1
19 152 1
19 174 1
19 221 1
19 256 1
19 309 1
19 337 1
19 354 1
19 398 1
19 415 1
19 420 1
19 425 1
19 437 1
19 469 1
19 507 1
19 552 1
19 595 1
19 598 1
19 795 1
19 686 1
19 693 1
19 700 1
19 709 1
20 25 1
20 32 1
20 38 1
20 50 1
20 53 1
20 95 1
20 100 1
20 108 1
20 131 1
20 150 1
20 180 1
20 298 1
20 304 1
20 325 1
20 381 1
20 473 1
20 479 1
20 494 1
20 620 1
20 669 1
20 704 1
20 713 1
20 757 1
20 768 1
20 28 1
20 40 1
20 54 1
20 63 1
20 130 1
20 158 1
20 169 1
20 176 1
20 373 1
20 400 1
20 497 1
20 529 1
20 554 1
21 22 1
21 36 1
21 97 1
21 214 1
21 230 1
21 231 1
21 349 1
21 378 1
21 380 1
21 386 1
21 538 1
21 581 1
21 622 1
21 675 1
21 23 1
21 50 1
21 76 1
21 107 1
21 142 1
21 173 1
21 258 1
21 294 1
21 311 1
21 416 1
21 432 1
21 798 1
22 72 1
22 118 1
22 217 1
22 231 1
22 246 1
22 249 1
22 378 1
22 380 1
22 451 1
22 543 1
22 562 1
22 570 1
22 610 1
22 673 1
22 675 1
22 730 1
22 36 1
22 51 1
22 58 1
22 78 1
22 87 1
22 103 1
22 152 1
22 159 1
22 172 1
22 256 1
22 341 1
22 354 1
22 518 1
23 27 1
23 79 1
23 171 1
23 234 1
23 256 1
23 288 1
23 299 1
23 351 1
23 377 1
23 483 1
23 25 1
23 31 1
23 37 1
23 46 1
23 50 1
23 64 1
23 65 1
23 142 1
23 167 1
23 197 1
23 209 1
23 262 1
23 311 1
23 382 1
23 422 1
23 453 1
23 478 1
23 530 1
23 541 1
23 568 1
23 602 1
23 714 1
24 31 1
24 86 1
24 159 1
24 579 1
24 779 1
24 49 1
24 66 1
24 155 1
24 166 1
24 456 1
24 542 1
24 572 1
24 612 1
24 681 1
24 732 1
25 799 1
25 28 1
25 32 1
25 39 1
25 41 1
25 43 1
25 50 1
25 52 1
25 56 1
25 84 1
25 90 1
25 93 1
25 95 1
25 96 1
25 100 1
25 103 1
25 104 1
25 108 1
25 110 1
25 116 1
25 123 1
25 127 1
25 129 1
25 134 1
25 152 1
25 157 1
25 160 1
25 162 1
25 164 1
25 184 1
25 216 1
25 242 1
25 268 1
25 281 1
25 305 1
25 325 1
25 333 1
25 345 1
25 374 1
25 440 1
25 449 1
25 469 1
25 502 1
25 524 1
25 546 1
25 571 1
25 636 1
25 652 1
25 700 1
25 745 1
25 778 1
25 31 1
25 151 1
25 205 1
25 237 1
25 275 1
25 288 1
25 382 1
25 534 1
25 607 1
25 786 1
26 44 1
26 47 1
26 74 1
26 75 1
26 81 1
26 82 1
26 107 1
26 120 1
26 176 1
26 187 1
26 203 1
26 220 1
26 255 1
26 274 1
26 280 1
26 296 1
26 311 1
26 340 1
26 341 1
26 362 1
26 370 1
26 404 1
26 439 1
26 495 1
26 506 1
26 554 1
26 558 1
26 565 1
26 573 1
26 604 1
26 611 1
26 653 1
26 146 1
26 314 1
26 768 1
27 79 1
27 122 1
27 171 1
27 182 1
27 192 1
27 283 1
27 322 1
27 606 1
27 734 1
27 780 1
27 123 1
27 240 1
27 300 1
27 520 1
28 50 1
28 52 1
28 92 1
28 103 1
28 133 1
28 142 1
28 224 1
28 309 1
28 321 1
28 333 1
28 381 1
28 473 1
28 564 1
28 757 1
28 783 1
28 41 1
28 63 1
28 116 1
28 132 1
28 141 1
28 169 1
28 228 1
28 319 1
28 421 1
28 480 1
28 589 1
29 64 1
29 76 1
29 106 1
29 169 1
29 301 1
29 332 1
29 435 1
29 561 1
29 600 1
29 641 1
29 47 1
29 56 1
29 77 1
29 95 1
29 109 1
29 134 1
29 162 1
29 253 1
29 265 1
29 274 1
29 321 1
29 323 1
29 390 1
29 406 1
29 426 1
29 555 1
29 654 1
29 790 1
30 45 1
30 48 1
30 49 1
30 65 1
30 67 1
30 69 1
30 78 1
30 83 1
30 141 1
30 188 1
30 239 1
30 271 1
30 295 1
30 352 1
30 389 1
30 457 1
30 472 1
30 481 1
30 489 1
30 589 1
30 596 1
30 643 1
30 699 1
30 735 1
30 761 1
30 34 1
30 62 1
30 72 1
30 82 1
30 184 1
30 221 1
30 464 1
30 507 1
30 526 1
30 634 1
31 112 1
31 579 1
31 779 1
31 37 1
31 42 1
31 64 1
31 98 1
31 205 1
31 219 1
31 237 1
31 275 1
31 305 1
31 382 1
31 422 1
31 453 1
31 478 1
31 541 1
31 726 1
31 729 1
31 783 1
32 39 1
32 71 1
32 95 1
32 96 1
32 104 1
32 123 1
32 140 1
32 150 1
32 298 1
32 312 1
32 354 1
32 502 1
